Game 1
4 8 3 9 2 1 6 5 7 
9 6 7 3 4 5 8 2 1 
2 5 1 8 7 6 4 9 3 
5 4 8 1 3 2 9 7 6 
7 2 9 5 6 4 1 3 8 
1 3 6 7 9 8 2 4 5 
3 7 2 6 8 9 5 1 4 
8 1 4 2 5 3 7 6 9 
6 9 5 4 1 7 3 8 2 
Time 0.007915

Game 2
2 4 5 9 8 1 3 7 6 
1 6 9 2 7 3 5 8 4 
8 3 7 5 6 4 2 1 9 
9 7 6 1 2 5 4 3 8 
5 1 3 4 9 8 6 2 7 
4 8 2 7 3 6 9 5 1 
3 9 1 6 5 7 8 4 2 
7 2 8 3 4 9 1 6 5 
6 5 4 8 1 2 7 9 3 
Time 0.007812

Game 3
4 6 2 8 3 1 9 5 7 
7 9 5 4 2 6 1 8 3 
3 8 1 7 9 5 4 2 6 
1 7 3 9 8 4 2 6 5 
6 5 9 3 1 2 7 4 8 
2 4 8 5 6 7 3 1 9 
9 2 6 1 7 8 5 3 4 
8 3 4 2 5 9 6 7 1 
5 1 7 6 4 3 8 9 2 
Time 0.008095

Game 4
1 3 7 2 5 6 8 4 9 
9 2 8 3 1 4 5 6 7 
4 6 5 8 9 7 3 1 2 
6 7 3 5 4 2 9 8 1 
8 1 9 6 7 3 2 5 4 
5 4 2 1 8 9 7 3 6 
2 5 6 7 3 1 4 9 8 
3 9 1 4 2 8 6 7 5 
7 8 4 9 6 5 1 2 3 
Time 0.003826

Game 5
5 2 3 8 1 6 7 4 9 
7 8 4 5 9 3 1 2 6 
6 9 1 4 7 2 8 3 5 
2 3 9 1 4 5 6 8 7 
4 5 7 2 6 8 9 1 3 
1 6 8 9 3 7 2 5 4 
3 4 2 7 8 9 5 6 1 
9 1 5 6 2 4 3 7 8 
8 7 6 3 5 1 4 9 2 
Time 0.007371

Game 6
1 7 6 9 2 3 5 8 4 
5 2 4 8 1 7 6 3 9 
8 9 3 6 5 4 2 7 1 
9 5 7 3 4 8 1 6 2 
6 3 8 1 9 2 4 5 7 
4 1 2 7 6 5 3 9 8 
2 6 5 4 8 9 7 1 3 
7 8 1 2 3 6 9 4 5 
3 4 9 5 7 1 8 2 6 
Time 0.008473

Game 7
1 4 3 9 8 6 2 5 7 
6 7 9 4 2 5 3 8 1 
2 8 5 7 3 1 6 9 4 
9 6 2 3 5 4 1 7 8 
3 5 7 6 1 8 9 4 2 
4 1 8 2 7 9 5 6 3 
8 2 1 5 6 7 4 3 9 
7 9 6 1 4 3 8 2 5 
5 3 4 8 9 2 7 1 6 
Time 0.003818

Game 8
4 8 7 1 5 6 9 3 2 
3 6 2 4 9 8 7 5 1 
9 1 5 3 7 2 8 6 4 
8 4 6 5 1 9 2 7 3 
5 9 3 7 2 4 1 8 6 
2 7 1 8 6 3 5 4 9 
1 2 4 6 8 5 3 9 7 
7 3 8 9 4 1 6 2 5 
6 5 9 2 3 7 4 1 8 
Time 0.007475

Game 9
8 1 4 9 7 6 5 3 2 
6 5 9 1 2 3 4 7 8 
7 3 2 8 5 4 1 6 9 
9 4 8 2 6 5 3 1 7 
2 7 5 3 4 1 8 9 6 
1 6 3 7 9 8 2 4 5 
3 9 1 6 8 2 7 5 4 
5 8 7 4 3 9 6 2 1 
4 2 6 5 1 7 9 8 3 
Time 0.008294

Game 10
7 6 1 9 2 8 4 5 3 
9 2 5 7 4 3 1 6 8 
4 3 8 6 1 5 9 2 7 
3 5 7 4 6 1 2 8 9 
8 9 4 3 7 2 6 1 5 
2 1 6 5 8 9 3 7 4 
6 8 9 1 5 4 7 3 2 
1 4 2 8 3 7 5 9 6 
5 7 3 2 9 6 8 4 1 
Time 0.002782

Game 11
9 7 6 1 2 5 4 3 8 
1 5 8 4 3 6 9 2 7 
4 2 3 8 7 9 1 5 6 
2 3 4 7 6 1 8 9 5 
8 6 7 9 5 2 3 1 4 
5 1 9 3 8 4 7 6 2 
7 8 2 5 1 3 6 4 9 
3 9 5 6 4 7 2 8 1 
6 4 1 2 9 8 5 7 3 
Time 0.00797

Game 12
9 6 2 3 4 1 7 5 8 
1 4 8 9 7 5 6 2 3 
5 7 3 2 6 8 1 4 9 
3 2 1 6 9 4 8 7 5 
4 8 7 5 1 2 9 3 6 
6 9 5 8 3 7 4 1 2 
8 3 4 7 2 6 5 9 1 
2 1 6 4 5 9 3 8 7 
7 5 9 1 8 3 2 6 4 
Time 0.003586

Game 13
3 9 7 6 8 1 5 2 4 
6 4 5 2 7 9 8 1 3 
2 1 8 5 3 4 9 7 6 
8 2 3 9 5 6 7 4 1 
1 6 9 7 4 2 3 5 8 
7 5 4 3 1 8 6 9 2 
4 7 2 8 9 3 1 6 5 
5 3 1 4 6 7 2 8 9 
9 8 6 1 2 5 4 3 7 
Time 0.007563

Game 14
6 3 9 2 1 8 4 5 7 
4 7 1 5 3 9 2 6 8 
8 2 5 6 7 4 1 3 9 
5 6 4 8 2 3 7 9 1 
7 9 3 4 5 1 8 2 6 
2 1 8 7 9 6 3 4 5 
3 5 2 9 8 7 6 1 4 
1 8 6 3 4 5 9 7 2 
9 4 7 1 6 2 5 8 3 
Time 0.007714

Game 15
6 9 7 1 2 8 3 4 5 
4 2 8 6 3 5 1 9 7 
3 1 5 4 7 9 6 8 2 
5 3 1 2 4 6 9 7 8 
2 8 6 3 9 7 4 5 1 
9 7 4 5 8 1 2 6 3 
1 4 9 8 5 2 7 3 6 
7 5 2 9 6 3 8 1 4 
8 6 3 7 1 4 5 2 9 
Time 0.00743

Game 16
3 6 1 7 2 5 9 4 8 
5 8 7 9 6 4 2 1 3 
4 9 2 8 3 1 6 5 7 
6 3 8 2 5 9 4 7 1 
1 7 4 6 8 3 5 9 2 
2 5 9 1 4 7 8 3 6 
7 4 6 3 9 2 1 8 5 
9 2 3 5 1 8 7 6 4 
8 1 5 4 7 6 3 2 9 
Time 0.003746

Game 17
3 5 9 8 6 7 1 2 4 
6 4 8 3 1 2 5 9 7 
7 1 2 5 4 9 8 3 6 
8 7 6 9 2 4 3 5 1 
5 2 4 7 3 1 9 6 8 
1 9 3 6 8 5 4 7 2 
9 3 1 4 7 6 2 8 5 
4 6 5 2 9 8 7 1 3 
2 8 7 1 5 3 6 4 9 
Time 0.00847

Game 18
7 8 6 9 4 5 3 1 2 
2 1 9 8 6 3 4 5 7 
5 3 4 2 7 1 8 6 9 
1 6 5 4 8 2 9 7 3 
3 2 7 6 1 9 5 4 8 
4 9 8 5 3 7 1 2 6 
9 5 1 7 2 8 6 3 4 
8 4 2 3 5 6 7 9 1 
6 7 3 1 9 4 2 8 5 
Time 0.009354

Game 19
7 4 3 5 1 2 9 8 6 
5 8 9 3 4 6 2 1 7 
1 2 6 9 8 7 3 4 5 
9 3 4 2 5 1 7 6 8 
6 7 1 4 9 8 5 3 2 
8 5 2 7 6 3 4 9 1 
3 9 8 6 7 5 1 2 4 
4 1 7 8 2 9 6 5 3 
2 6 5 1 3 4 8 7 9 
Time 0.007287

Game 20
7 8 2 6 1 4 3 5 9 
4 3 9 8 2 5 1 7 6 
6 5 1 9 3 7 4 2 8 
2 9 3 4 7 1 8 6 5 
5 6 8 3 9 2 7 1 4 
1 4 7 5 6 8 2 9 3 
3 2 6 7 4 9 5 8 1 
9 7 5 1 8 3 6 4 2 
8 1 4 2 5 6 9 3 7 
Time 0.016524

Game 21
4 2 8 5 3 1 7 9 6 
3 6 5 9 4 7 1 8 2 
9 7 1 2 6 8 4 3 5 
2 1 4 8 9 6 5 7 3 
6 9 7 4 5 3 2 1 8 
5 8 3 1 7 2 9 6 4 
8 4 9 6 1 5 3 2 7 
7 5 2 3 8 9 6 4 1 
1 3 6 7 2 4 8 5 9 
Time 0.014895

Game 22
4 2 5 7 8 1 9 3 6 
1 7 8 3 6 9 5 2 4 
3 6 9 5 2 4 1 8 7 
8 9 4 1 5 7 3 6 2 
6 5 2 8 4 3 7 9 1 
7 1 3 6 9 2 8 4 5 
9 8 7 2 1 6 4 5 3 
5 3 6 4 7 8 2 1 9 
2 4 1 9 3 5 6 7 8 
Time 0.008404

Game 23
3 4 8 2 6 7 9 5 1 
5 7 1 9 4 3 6 2 8 
2 6 9 1 8 5 3 7 4 
6 9 7 3 5 1 4 8 2 
1 2 3 8 7 4 5 9 6 
8 5 4 6 2 9 1 3 7 
4 1 5 7 9 8 2 6 3 
9 8 2 4 3 6 7 1 5 
7 3 6 5 1 2 8 4 9 
Time 0.006075

Game 24
1 2 4 9 8 6 7 3 5 
8 6 7 4 3 5 9 1 2 
3 9 5 7 1 2 6 8 4 
4 7 8 3 5 9 2 6 1 
2 5 9 8 6 1 3 4 7 
6 3 1 2 7 4 5 9 8 
7 1 2 6 9 8 4 5 3 
9 8 3 5 4 7 1 2 6 
5 4 6 1 2 3 8 7 9 
Time 0.003812

Game 25
3 6 1 5 2 4 7 8 9 
7 8 9 3 6 1 4 2 5 
5 2 4 8 7 9 3 6 1 
8 9 3 1 5 7 6 4 2 
4 1 2 6 8 3 5 9 7 
6 5 7 9 4 2 1 3 8 
1 4 8 7 9 6 2 5 3 
2 3 5 4 1 8 9 7 6 
9 7 6 2 3 5 8 1 4 
Time 0.009353

Game 26
5 8 1 4 7 9 2 6 3 
3 2 9 1 5 6 8 4 7 
6 4 7 3 2 8 1 5 9 
9 5 6 7 3 1 4 2 8 
2 3 8 9 6 4 5 7 1 
7 1 4 5 8 2 9 3 6 
1 7 2 6 9 5 3 8 4 
8 9 3 2 4 7 6 1 5 
4 6 5 8 1 3 7 9 2 
Time 0.007917

Game 27
3 8 7 2 5 6 4 1 9 
4 6 9 7 8 1 3 2 5 
5 1 2 4 3 9 8 6 7 
1 2 3 5 4 8 9 7 6 
7 5 8 9 6 3 2 4 1 
6 9 4 1 2 7 5 8 3 
8 3 5 6 7 4 1 9 2 
2 7 1 8 9 5 6 3 4 
9 4 6 3 1 2 7 5 8 
Time 0.004594

Game 28
3 4 5 8 7 1 2 6 9 
2 7 9 6 5 3 1 8 4 
8 6 1 4 2 9 5 3 7 
1 9 7 3 4 6 8 5 2 
4 5 2 7 1 8 3 9 6 
6 8 3 5 9 2 7 4 1 
7 3 8 2 6 4 9 1 5 
5 1 6 9 3 7 4 2 8 
9 2 4 1 8 5 6 7 3 
Time 0.009041

Game 29
2 3 5 7 6 1 4 8 9 
4 1 9 3 2 8 5 7 6 
8 6 7 5 4 9 2 1 3 
7 4 6 1 3 5 9 2 8 
5 2 1 8 9 6 7 3 4 
9 8 3 4 7 2 6 5 1 
3 9 4 2 8 7 1 6 5 
6 5 2 9 1 3 8 4 7 
1 7 8 6 5 4 3 9 2 
Time 0.009319

Game 30
2 9 8 1 7 5 6 4 3 
6 5 7 3 9 4 1 2 8 
1 3 4 2 8 6 5 7 9 
8 2 1 6 4 9 7 3 5 
5 7 3 8 2 1 4 9 6 
4 6 9 7 5 3 2 8 1 
3 1 2 4 6 8 9 5 7 
7 8 5 9 1 2 3 6 4 
9 4 6 5 3 7 8 1 2 
Time 0.004438

Game 31
7 6 1 5 4 3 2 8 9 
8 3 2 7 9 1 6 4 5 
5 4 9 6 2 8 1 3 7 
3 7 4 2 1 5 9 6 8 
1 2 8 9 3 6 5 7 4 
6 9 5 4 8 7 3 2 1 
4 1 7 3 6 9 8 5 2 
9 5 3 8 7 2 4 1 6 
2 8 6 1 5 4 7 9 3 
Time 0.01109

Game 32
1 3 2 6 4 9 7 8 5 
7 5 8 2 1 3 6 4 9 
9 6 4 7 8 5 1 2 3 
5 4 3 8 9 7 2 1 6 
2 7 6 5 3 1 8 9 4 
8 9 1 4 2 6 5 3 7 
6 1 9 3 7 8 4 5 2 
3 2 7 1 5 4 9 6 8 
4 8 5 9 6 2 3 7 1 
Time 0.011985

Game 33
6 9 8 1 7 3 5 4 2 
3 5 4 6 2 8 1 7 9 
1 7 2 5 4 9 3 6 8 
5 3 1 8 9 7 4 2 6 
9 4 6 3 1 2 8 5 7 
8 2 7 4 5 6 9 1 3 
7 6 5 9 3 1 2 8 4 
2 1 3 7 8 4 6 9 5 
4 8 9 2 6 5 7 3 1 
Time 0.015256

Game 34
8 5 2 7 1 6 9 4 3 
1 9 7 8 4 3 6 5 2 
4 6 3 9 2 5 1 8 7 
2 7 8 6 3 4 5 9 1 
6 4 5 1 7 9 3 2 8 
9 3 1 5 8 2 4 7 6 
7 8 6 4 9 1 2 3 5 
3 1 4 2 5 8 7 6 9 
5 2 9 3 6 7 8 1 4 
Time 0.014448

Game 35
4 5 3 2 1 8 7 9 6 
6 2 9 7 5 3 4 8 1 
1 7 8 4 9 6 5 3 2 
7 9 6 5 8 2 3 1 4 
3 1 4 9 6 7 8 2 5 
2 8 5 1 3 4 6 7 9 
5 4 2 8 7 9 1 6 3 
9 3 7 6 4 1 2 5 8 
8 6 1 3 2 5 9 4 7 
Time 0.014075

Game 36
5 1 6 2 8 9 3 4 7 
8 4 9 1 7 3 2 5 6 
7 3 2 4 6 5 9 1 8 
6 9 8 3 1 7 5 2 4 
3 2 7 9 5 4 8 6 1 
1 5 4 8 2 6 7 3 9 
9 6 1 7 3 2 4 8 5 
2 7 5 6 4 8 1 9 3 
4 8 3 5 9 1 6 7 2 
Time 0.015179

Game 37
9 4 5 6 8 1 7 2 3 
7 8 1 2 3 4 9 6 5 
3 2 6 7 5 9 1 8 4 
2 6 9 1 7 5 3 4 8 
1 3 8 9 4 2 5 7 6 
5 7 4 8 6 3 2 1 9 
4 5 7 3 2 6 8 9 1 
6 1 2 5 9 8 4 3 7 
8 9 3 4 1 7 6 5 2 
Time 0.012133

Game 38
3 6 5 9 4 2 8 7 1 
1 2 8 7 5 6 4 9 3 
9 7 4 8 1 3 5 6 2 
8 1 9 4 3 5 6 2 7 
5 3 7 2 6 8 1 4 9 
6 4 2 1 7 9 3 5 8 
2 9 6 3 8 4 7 1 5 
7 5 3 6 9 1 2 8 4 
4 8 1 5 2 7 9 3 6 
Time 0.01757

Game 39
1 3 4 5 8 7 2 9 6 
2 7 8 1 6 9 3 5 4 
6 9 5 2 3 4 8 1 7 
3 5 9 8 1 6 4 7 2 
8 2 1 4 7 3 5 6 9 
7 4 6 9 2 5 1 8 3 
9 1 7 3 4 8 6 2 5 
4 6 2 7 5 1 9 3 8 
5 8 3 6 9 2 7 4 1 
Time 0.020172

Game 40
1 9 3 6 7 2 4 8 5 
4 6 2 3 5 8 9 7 1 
7 8 5 9 1 4 6 2 3 
5 3 8 2 9 6 7 1 4 
6 7 4 1 3 5 2 9 8 
2 1 9 4 8 7 3 5 6 
8 2 6 7 4 1 5 3 9 
9 4 1 5 2 3 8 6 7 
3 5 7 8 6 9 1 4 2 
Time 0.015416

Game 41
8 1 4 9 7 6 5 3 2 
6 5 9 1 2 3 4 7 8 
7 3 2 8 5 4 1 6 9 
9 4 8 2 6 5 3 1 7 
2 7 5 3 4 1 8 9 6 
1 6 3 7 9 8 2 4 5 
3 9 1 6 8 2 7 5 4 
5 8 7 4 3 9 6 2 1 
4 2 6 5 1 7 9 8 3 
Time 0.011913

Game 42
3 8 4 5 6 7 9 2 1 
1 2 6 4 3 9 7 8 5 
7 5 9 8 2 1 3 4 6 
5 6 3 7 9 8 2 1 4 
8 4 7 3 1 2 6 5 9 
9 1 2 6 4 5 8 7 3 
2 3 1 9 7 4 5 6 8 
4 9 5 2 8 6 1 3 7 
6 7 8 1 5 3 4 9 2 
Time 0.012871

Game 43
4 6 9 1 5 8 3 7 2 
7 1 2 4 6 3 8 5 9 
5 3 8 2 9 7 6 4 1 
9 2 7 6 3 4 5 1 8 
3 8 5 7 1 9 4 2 6 
1 4 6 5 8 2 7 9 3 
6 5 3 9 4 1 2 8 7 
2 9 4 8 7 6 1 3 5 
8 7 1 3 2 5 9 6 4 
Time 0.012497

Game 44
3 1 6 5 4 9 2 7 8 
9 8 7 3 2 1 6 4 5 
4 5 2 6 7 8 9 3 1 
5 9 4 2 3 6 8 1 7 
2 3 8 4 1 7 5 6 9 
6 7 1 9 8 5 3 2 4 
8 4 5 1 6 2 7 9 3 
1 2 9 7 5 3 4 8 6 
7 6 3 8 9 4 1 5 2 
Time 0.004415

Game 45
5 8 6 1 2 7 9 4 3 
7 2 3 4 6 9 8 5 1 
4 9 1 8 5 3 2 6 7 
1 3 5 9 7 4 6 2 8 
2 7 9 6 1 8 5 3 4 
6 4 8 5 3 2 1 7 9 
9 1 7 2 4 6 3 8 5 
3 5 2 7 8 1 4 9 6 
8 6 4 3 9 5 7 1 2 
Time 0.009081

Game 46
9 5 4 2 1 3 6 8 7 
6 1 7 5 4 8 9 2 3 
8 3 2 7 9 6 5 4 1 
7 6 3 8 5 1 2 9 4 
1 2 8 9 7 4 3 6 5 
5 4 9 3 6 2 1 7 8 
2 8 1 6 3 7 4 5 9 
4 7 5 1 2 9 8 3 6 
3 9 6 4 8 5 7 1 2 
Time 0.004169

Game 47
1 5 9 7 4 3 8 6 2 
2 7 6 5 8 9 4 3 1 
3 4 8 6 1 2 7 5 9 
6 2 4 9 7 8 3 1 5 
9 1 7 2 3 5 6 8 4 
5 8 3 1 6 4 2 9 7 
4 3 5 8 2 1 9 7 6 
8 6 1 4 9 7 5 2 3 
7 9 2 3 5 6 1 4 8 
Time 0.004161

Game 48
8 6 1 3 5 7 2 9 4 
5 9 7 4 8 2 3 6 1 
4 3 2 6 1 9 7 8 5 
9 1 6 2 7 5 8 4 3 
3 5 8 9 6 4 1 2 7 
2 7 4 1 3 8 9 5 6 
7 8 9 5 4 1 6 3 2 
1 4 3 8 2 6 5 7 9 
6 2 5 7 9 3 4 1 8 
Time 0.008269

Game 49
2 9 4 8 6 3 5 1 7 
7 1 5 4 2 9 6 3 8 
8 6 3 7 5 1 4 9 2 
1 5 2 9 4 7 8 6 3 
4 7 9 3 8 6 2 5 1 
6 3 8 5 1 2 9 7 4 
9 8 6 1 3 4 7 2 5 
5 2 1 6 7 8 3 4 9 
3 4 7 2 9 5 1 8 6 
Time 0.007971

Game 50
3 5 1 2 8 6 4 9 7 
4 9 2 1 5 7 6 3 8 
7 8 6 9 3 4 5 1 2 
2 7 5 4 6 9 1 8 3 
9 3 8 5 2 1 7 6 4 
6 1 4 8 7 3 2 5 9 
8 2 9 6 4 5 3 7 1 
1 6 3 7 9 2 8 4 5 
5 4 7 3 1 8 9 2 6 
Time 0.008773

Times: [0.007915, 0.007812, 0.008095, 0.003826, 0.007371, 0.008473, 0.003818, 0.007475, 0.008294, 0.002782, 0.00797, 0.003586, 0.007563, 0.007714, 0.00743, 0.003746, 0.00847, 0.009354, 0.007287, 0.016524, 0.014895, 0.008404, 0.006075, 0.003812, 0.009353, 0.007917, 0.004594, 0.009041, 0.009319, 0.004438, 0.01109, 0.011985, 0.015256, 0.014448, 0.014075, 0.015179, 0.012133, 0.01757, 0.020172, 0.015416, 0.011913, 0.012871, 0.012497, 0.004415, 0.009081, 0.004169, 0.004161, 0.008269, 0.007971, 0.008773]

Mean CPU Time: 0.00909594
Standard Deviation CPU Time: 0.004134728159808115
Variance CPU Time: 1.7095976955510205e-05
Min CPU Time: 0.002782, Game 9
Max CPU Time: 0.020172, Game 38
