Game 1
1 2 3 4 5 6 7 8 9 
7 8 9 1 2 3 4 5 6 
4 5 6 7 9 8 1 2 3 
2 3 4 5 6 7 8 9 1 
8 9 1 2 3 4 5 6 7 
5 6 7 8 1 9 2 3 4 
3 4 5 6 8 1 9 7 2 
9 7 2 3 4 5 6 1 8 
6 1 8 9 7 2 3 4 5 
Time 0.004921

Game 2
1 2 4 5 6 9 7 8 3 
3 8 9 1 2 7 4 5 6 
7 5 6 4 8 3 1 2 9 
2 4 3 7 5 6 8 9 1 
8 9 1 2 3 4 5 6 7 
5 6 7 8 9 1 2 3 4 
4 3 5 6 7 8 9 1 2 
9 1 2 3 4 5 6 7 8 
6 7 8 9 1 2 3 4 5 
Time 0.004593

Game 3
3 6 2 1 4 8 5 7 9 
1 8 9 2 5 7 3 4 6 
7 5 4 6 3 9 1 2 8 
2 7 3 8 6 5 4 9 1 
5 9 1 3 2 4 8 6 7 
8 4 6 7 9 1 2 3 5 
6 2 7 5 8 3 9 1 4 
9 1 5 4 7 2 6 8 3 
4 3 8 9 1 6 7 5 2 
Time 0.005096

Game 4
1 2 3 4 5 6 7 8 9 
7 8 9 1 2 3 4 5 6 
4 5 6 7 8 9 1 2 3 
2 3 1 5 6 7 8 9 4 
8 6 4 2 9 1 3 7 5 
5 9 7 8 3 4 2 6 1 
3 4 5 6 7 2 9 1 8 
6 1 2 9 4 8 5 3 7 
9 7 8 3 1 5 6 4 2 
Time 0.004327

Game 5
2 1 5 4 8 6 7 3 9 
7 8 9 1 2 3 4 5 6 
4 3 6 7 5 9 1 2 8 
3 2 4 5 6 7 9 8 1 
8 9 1 2 3 4 6 7 5 
5 6 7 8 9 1 2 4 3 
1 4 3 6 7 8 5 9 2 
9 7 2 3 1 5 8 6 4 
6 5 8 9 4 2 3 1 7 
Time 0.004751

Game 6
7 8 3 4 5 6 1 2 9 
4 5 9 1 2 3 7 8 6 
1 2 6 7 9 8 4 5 3 
2 3 4 5 6 7 8 9 1 
8 9 1 2 3 4 5 6 7 
5 6 7 8 1 9 2 3 4 
3 7 5 6 8 1 9 4 2 
9 1 2 3 4 5 6 7 8 
6 4 8 9 7 2 3 1 5 
Time 0.004755

Game 7
1 2 3 4 5 7 6 8 9 
6 8 4 2 9 3 5 1 7 
7 5 9 1 8 6 4 2 3 
2 3 7 5 6 4 8 9 1 
4 9 8 3 2 1 7 5 6 
5 6 1 8 7 9 2 3 4 
3 4 5 7 1 8 9 6 2 
9 1 2 6 4 5 3 7 8 
8 7 6 9 3 2 1 4 5 
Time 0.004912

Game 8
1 2 3 4 5 6 7 8 9 
7 8 9 1 2 3 4 5 6 
5 4 6 7 8 9 2 1 3 
9 3 4 5 6 7 8 2 1 
8 5 1 2 3 4 6 9 7 
2 6 7 8 9 1 5 3 4 
6 9 5 3 7 8 1 4 2 
3 1 2 6 4 5 9 7 8 
4 7 8 9 1 2 3 6 5 
Time 0.002027

Game 9
1 7 5 4 3 6 2 9 8 
2 8 9 1 5 7 4 3 6 
6 4 3 2 9 8 1 7 5 
4 5 7 8 2 3 9 6 1 
8 3 1 6 4 9 5 2 7 
9 2 6 5 7 1 3 8 4 
3 9 4 7 6 5 8 1 2 
7 1 2 3 8 4 6 5 9 
5 6 8 9 1 2 7 4 3 
Time 0.002631

Game 10
1 2 3 4 5 6 7 8 9 
5 7 8 3 1 9 4 2 6 
4 9 6 7 8 2 1 5 3 
2 3 4 5 6 7 8 9 1 
9 8 1 2 3 4 5 6 7 
6 5 7 8 9 1 2 3 4 
3 4 5 6 7 8 9 1 2 
8 1 2 9 4 3 6 7 5 
7 6 9 1 2 5 3 4 8 
Time 0.004585

Game 11
7 8 3 4 2 6 1 5 9 
4 2 9 1 3 5 7 8 6 
1 5 6 7 8 9 4 2 3 
2 3 4 5 6 7 8 9 1 
8 9 1 2 4 3 5 6 7 
5 6 7 8 9 1 2 3 4 
3 4 5 6 7 8 9 1 2 
9 1 2 3 5 4 6 7 8 
6 7 8 9 1 2 3 4 5 
Time 0.004875

Game 12
8 2 3 4 6 7 5 1 9 
7 5 9 1 2 3 4 6 8 
1 4 6 9 8 5 3 2 7 
2 3 4 7 5 8 1 9 6 
6 9 1 2 3 4 7 8 5 
5 7 8 6 9 1 2 3 4 
3 1 5 8 4 9 6 7 2 
4 8 2 3 7 6 9 5 1 
9 6 7 5 1 2 8 4 3 
Time 0.005086

Game 13
1 2 3 4 5 6 7 8 9 
7 8 9 1 2 3 4 5 6 
4 5 6 7 8 9 1 2 3 
2 6 4 5 3 7 8 9 1 
8 3 1 2 9 4 5 6 7 
5 9 7 8 6 1 2 3 4 
9 4 5 6 7 8 3 1 2 
3 1 2 9 4 5 6 7 8 
6 7 8 3 1 2 9 4 5 
Time 0.007647

Game 14
4 2 3 6 1 5 7 8 9 
7 8 9 3 2 4 1 5 6 
1 5 6 9 7 8 3 2 4 
2 3 1 4 6 7 5 9 8 
8 9 7 2 5 3 4 6 1 
5 6 4 8 9 1 2 3 7 
3 4 5 7 8 9 6 1 2 
9 1 2 5 4 6 8 7 3 
6 7 8 1 3 2 9 4 5 
Time 0.005035

Game 15
1 4 7 3 5 6 9 8 2 
8 3 9 1 2 7 4 5 6 
2 5 6 8 9 4 1 7 3 
7 6 2 5 4 3 8 9 1 
3 9 4 2 8 1 5 6 7 
5 8 1 7 6 9 2 3 4 
4 2 5 6 3 8 7 1 9 
9 1 3 4 7 5 6 2 8 
6 7 8 9 1 2 3 4 5 
Time 0.00226

Game 16
4 2 3 1 5 6 7 8 9 
1 8 9 7 2 3 4 5 6 
7 5 6 4 8 9 1 2 3 
2 3 4 5 6 7 8 9 1 
8 9 1 2 3 4 5 6 7 
5 6 7 8 9 1 2 3 4 
3 4 5 6 7 8 9 1 2 
9 1 2 3 4 5 6 7 8 
6 7 8 9 1 2 3 4 5 
Time 0.004635

Game 17
7 4 1 6 5 3 2 8 9 
3 8 9 7 2 4 1 5 6 
2 5 6 8 9 1 7 4 3 
1 9 3 5 8 7 4 6 2 
8 6 4 1 3 2 5 9 7 
5 2 7 4 6 9 8 3 1 
6 3 5 2 7 8 9 1 4 
9 1 2 3 4 5 6 7 8 
4 7 8 9 1 6 3 2 5 
Time 0.005022

Game 18
7 9 1 4 2 3 5 8 6 
2 8 3 1 5 6 7 9 4 
6 5 4 7 8 9 1 2 3 
9 3 2 5 6 7 8 4 1 
5 1 8 2 9 4 3 6 7 
4 6 7 8 3 1 2 5 9 
3 4 5 6 7 8 9 1 2 
1 2 9 3 4 5 6 7 8 
8 7 6 9 1 2 4 3 5 
Time 0.005054

Game 19
4 1 3 5 6 9 7 8 2 
7 8 9 1 2 3 4 5 6 
5 2 6 4 8 7 3 1 9 
2 3 4 7 5 6 8 9 1 
8 9 1 2 3 4 5 6 7 
6 5 7 8 9 1 2 3 4 
9 4 5 6 7 8 1 2 3 
1 6 2 3 4 5 9 7 8 
3 7 8 9 1 2 6 4 5 
Time 0.004701

Game 20
1 2 7 4 5 9 3 6 8 
3 9 8 1 2 6 4 5 7 
4 5 6 7 8 3 1 2 9 
2 3 4 5 9 7 6 8 1 
6 8 1 2 3 4 7 9 5 
5 7 9 8 6 1 2 3 4 
8 4 3 6 7 5 9 1 2 
9 1 2 3 4 8 5 7 6 
7 6 5 9 1 2 8 4 3 
Time 0.005158

Game 21
3 2 7 4 5 6 1 8 9 
9 8 4 1 2 3 6 5 7 
5 1 6 7 8 9 2 4 3 
4 5 2 3 6 7 8 9 1 
1 9 8 5 4 2 3 7 6 
7 6 3 8 9 1 5 2 4 
8 3 5 6 7 4 9 1 2 
2 4 1 9 3 5 7 6 8 
6 7 9 2 1 8 4 3 5 
Time 0.004999

Game 22
1 2 3 4 5 6 7 8 9 
7 8 9 1 2 3 4 5 6 
4 5 6 7 8 9 1 2 3 
2 3 4 5 6 7 8 9 1 
8 9 1 2 3 4 5 6 7 
5 6 7 8 9 1 2 3 4 
3 7 5 6 1 8 9 4 2 
9 1 2 3 4 5 6 7 8 
6 4 8 9 7 2 3 1 5 
Time 0.002058

Game 23
4 2 6 1 5 9 8 7 3 
1 8 9 7 2 3 4 5 6 
7 5 3 4 8 6 1 2 9 
2 3 4 8 6 7 5 9 1 
5 9 1 2 3 4 7 6 8 
8 6 7 5 9 1 2 3 4 
3 4 5 6 7 8 9 1 2 
9 1 2 3 4 5 6 8 7 
6 7 8 9 1 2 3 4 5 
Time 0.001016

Game 24
1 2 3 4 5 6 7 8 9 
9 8 5 1 7 3 4 2 6 
4 7 6 8 2 9 3 1 5 
5 3 2 7 6 4 8 9 1 
8 4 9 5 3 1 2 6 7 
6 1 7 2 9 8 5 4 3 
2 6 1 3 8 7 9 5 4 
3 9 8 6 4 5 1 7 2 
7 5 4 9 1 2 6 3 8 
Time 0.00095

Game 25
7 2 3 1 5 6 4 8 9 
9 8 1 4 2 3 7 5 6 
4 5 6 8 7 9 1 2 3 
2 3 4 5 6 7 9 1 8 
1 9 8 2 3 4 5 6 7 
5 6 7 9 8 1 2 3 4 
3 1 5 7 9 8 6 4 2 
6 7 2 3 4 5 8 9 1 
8 4 9 6 1 2 3 7 5 
Time 0.005171

Game 26
7 2 1 4 9 6 5 8 3 
5 8 9 3 2 1 4 7 6 
3 4 6 7 8 5 1 2 9 
2 3 4 1 6 7 8 9 5 
8 9 5 2 3 4 7 6 1 
1 6 7 8 5 9 2 3 4 
4 1 3 6 7 8 9 5 2 
9 7 2 5 4 3 6 1 8 
6 5 8 9 1 2 3 4 7 
Time 0.005282

Game 27
1 2 7 4 5 8 6 3 9 
8 3 9 1 2 6 4 5 7 
4 5 6 9 3 7 1 2 8 
2 9 1 3 7 5 8 6 4 
7 8 3 2 6 4 5 9 1 
5 6 4 8 9 1 2 7 3 
3 4 5 7 8 2 9 1 6 
9 1 2 6 4 3 7 8 5 
6 7 8 5 1 9 3 4 2 
Time 0.001035

Game 28
1 8 6 4 3 2 7 5 9 
7 9 3 8 1 5 4 2 6 
4 5 2 6 9 7 1 8 3 
2 3 4 5 7 9 8 6 1 
8 1 9 2 4 6 5 3 7 
5 6 7 3 8 1 2 9 4 
3 4 5 1 6 8 9 7 2 
9 2 1 7 5 3 6 4 8 
6 7 8 9 2 4 3 1 5 
Time 0.004624

Game 29
5 3 2 4 6 1 7 8 9 
7 1 9 5 8 3 2 4 6 
6 8 4 9 7 2 1 5 3 
2 4 7 3 5 6 8 9 1 
8 9 3 1 2 4 5 6 7 
1 5 6 8 9 7 4 3 2 
3 7 5 6 1 8 9 2 4 
9 6 1 2 4 5 3 7 8 
4 2 8 7 3 9 6 1 5 
Time 0.005123

Game 30
1 2 3 4 5 6 7 8 9 
7 8 9 1 2 3 4 5 6 
4 5 6 7 8 9 1 2 3 
2 3 4 5 6 7 8 9 1 
8 9 1 2 3 4 5 6 7 
5 6 7 8 9 1 2 3 4 
3 4 5 6 7 8 9 1 2 
9 1 2 3 4 5 6 7 8 
6 7 8 9 1 2 3 4 5 
Time 0.001864

Game 31
1 8 3 4 2 6 7 5 9 
7 4 5 3 1 9 2 8 6 
9 2 6 5 8 7 1 4 3 
5 9 4 7 6 3 8 2 1 
8 3 1 2 5 4 6 9 7 
2 6 7 8 9 1 5 3 4 
4 5 9 1 7 8 3 6 2 
3 1 2 6 4 5 9 7 8 
6 7 8 9 3 2 4 1 5 
Time 0.002118

Game 32
4 2 3 8 5 6 1 9 7 
8 9 7 1 2 3 4 5 6 
1 5 6 7 4 9 8 2 3 
2 8 4 5 6 1 7 3 9 
7 3 9 2 8 4 5 6 1 
5 6 1 3 9 7 2 8 4 
3 4 5 6 7 8 9 1 2 
9 1 2 4 3 5 6 7 8 
6 7 8 9 1 2 3 4 5 
Time 0.004678

Game 33
3 2 1 4 5 6 7 8 9 
7 8 9 1 2 3 4 5 6 
4 5 6 7 8 9 1 2 3 
2 3 4 6 9 7 8 1 5 
8 9 7 5 1 2 3 6 4 
1 6 5 8 3 4 2 9 7 
5 4 2 9 7 8 6 3 1 
6 1 8 3 4 5 9 7 2 
9 7 3 2 6 1 5 4 8 
Time 0.004718

Game 34
2 5 1 4 8 6 7 3 9 
7 9 8 1 5 3 4 2 6 
4 3 6 7 2 9 8 5 1 
6 2 9 5 3 7 1 8 4 
1 8 3 2 9 4 5 6 7 
5 7 4 8 6 1 2 9 3 
3 4 5 6 7 8 9 1 2 
9 1 2 3 4 5 6 7 8 
8 6 7 9 1 2 3 4 5 
Time 0.00478

Game 35
7 2 3 4 5 6 1 8 9 
4 8 9 1 2 3 7 5 6 
1 5 6 7 8 9 4 2 3 
2 9 4 5 6 7 8 3 1 
5 3 1 8 9 4 2 6 7 
8 6 7 2 3 1 5 9 4 
3 4 5 6 7 8 9 1 2 
6 1 2 9 4 5 3 7 8 
9 7 8 3 1 2 6 4 5 
Time 0.004536

Game 36
1 2 3 4 5 6 7 8 9 
7 8 9 1 2 3 4 6 5 
4 5 6 7 9 8 1 2 3 
2 3 4 5 6 7 8 9 1 
8 9 1 2 3 4 6 5 7 
5 6 7 9 8 1 2 3 4 
3 4 8 6 7 9 5 1 2 
6 1 2 3 4 5 9 7 8 
9 7 5 8 1 2 3 4 6 
Time 0.001951

Game 37
7 2 3 1 5 6 4 8 9 
1 8 9 4 2 3 6 5 7 
4 5 6 7 8 9 1 2 3 
2 3 4 5 6 7 8 9 1 
8 9 1 2 3 4 5 7 6 
5 6 7 8 9 1 2 3 4 
3 4 5 6 7 8 9 1 2 
9 1 2 3 4 5 7 6 8 
6 7 8 9 1 2 3 4 5 
Time 0.004674

Game 38
1 3 2 4 5 6 7 8 9 
7 8 9 1 2 3 4 5 6 
4 5 6 7 8 9 1 2 3 
3 2 4 5 6 7 8 9 1 
8 9 1 2 3 4 5 6 7 
5 6 7 8 9 1 2 3 4 
6 4 5 3 7 8 9 1 2 
2 1 3 9 4 5 6 7 8 
9 7 8 6 1 2 3 4 5 
Time 0.0

Game 39
1 2 3 4 5 6 7 8 9 
7 8 9 1 2 3 4 5 6 
4 5 6 7 8 9 1 2 3 
2 3 4 5 6 7 8 9 1 
8 9 1 2 3 4 5 6 7 
5 6 7 8 9 1 2 3 4 
3 4 5 6 7 8 9 1 2 
9 1 2 3 4 5 6 7 8 
6 7 8 9 1 2 3 4 5 
Time 0.001757

Game 40
1 2 9 4 5 6 7 8 3 
7 5 6 1 8 3 4 2 9 
4 8 3 9 7 2 1 5 6 
2 3 4 5 6 7 8 9 1 
8 9 1 2 3 4 5 6 7 
5 6 7 8 9 1 2 3 4 
3 7 5 6 1 8 9 4 2 
9 1 2 3 4 5 6 7 8 
6 4 8 7 2 9 3 1 5 
Time 0.004593

Game 41
1 2 5 7 8 6 4 9 3 
8 4 9 1 2 3 7 5 6 
7 3 6 4 5 9 1 2 8 
2 8 3 5 6 1 9 4 7 
4 9 1 2 3 7 8 6 5 
6 5 7 8 9 4 2 3 1 
9 6 2 3 7 8 5 1 4 
3 1 8 9 4 5 6 7 2 
5 7 4 6 1 2 3 8 9 
Time 0.004856

Game 42
1 8 2 4 5 3 7 6 9 
7 9 3 1 2 6 4 8 5 
4 5 6 7 8 9 1 2 3 
8 3 4 5 6 7 9 1 2 
2 7 1 8 9 4 5 3 6 
5 6 9 2 3 1 8 7 4 
3 4 5 6 7 8 2 9 1 
9 1 7 3 4 2 6 5 8 
6 2 8 9 1 5 3 4 7 
Time 0.004793

Game 43
1 3 2 4 5 6 8 7 9 
7 8 9 1 2 3 4 5 6 
4 5 6 7 8 9 1 2 3 
5 2 1 8 6 4 3 9 7 
8 7 3 2 9 1 5 6 4 
9 6 4 5 3 7 2 8 1 
3 4 5 6 7 8 9 1 2 
2 9 7 3 1 5 6 4 8 
6 1 8 9 4 2 7 3 5 
Time 0.004752

Game 44
9 1 5 4 2 6 7 8 3 
7 2 6 3 8 1 4 5 9 
4 8 3 7 5 9 1 2 6 
2 3 4 5 6 7 8 9 1 
8 9 1 2 3 4 5 6 7 
5 6 7 1 9 8 2 3 4 
3 4 8 6 7 5 9 1 2 
1 5 2 9 4 3 6 7 8 
6 7 9 8 1 2 3 4 5 
Time 0.004524

Game 45
1 2 3 6 5 4 7 8 9 
7 8 9 1 2 3 4 5 6 
4 5 6 7 8 9 1 2 3 
2 3 4 5 6 1 8 9 7 
8 9 1 2 3 7 5 6 4 
5 6 7 4 9 8 2 3 1 
3 4 5 8 7 6 9 1 2 
9 1 2 3 4 5 6 7 8 
6 7 8 9 1 2 3 4 5 
Time 0.004407

Game 46
2 5 3 6 8 4 1 7 9 
7 8 9 1 2 3 4 5 6 
4 1 6 7 5 9 3 2 8 
8 3 2 5 4 7 6 9 1 
1 9 4 2 3 6 5 8 7 
5 6 7 8 9 1 2 3 4 
3 7 5 4 1 8 9 6 2 
6 2 1 9 7 5 8 4 3 
9 4 8 3 6 2 7 1 5 
Time 0.004929

Game 47
1 2 3 4 5 6 7 8 9 
8 9 7 1 2 3 4 5 6 
4 5 6 7 8 9 1 2 3 
2 6 1 5 3 7 8 9 4 
7 8 9 2 6 4 5 3 1 
5 3 4 8 9 1 2 6 7 
3 4 5 6 7 8 9 1 2 
9 7 2 3 1 5 6 4 8 
6 1 8 9 4 2 3 7 5 
Time 0.00505

Game 48
1 6 7 4 5 3 8 2 9 
3 8 9 1 2 6 4 5 7 
5 2 4 8 9 7 1 6 3 
8 4 6 5 3 2 7 9 1 
9 1 2 7 8 4 5 3 6 
7 5 3 9 6 1 2 8 4 
4 3 5 6 7 8 9 1 2 
2 9 1 3 4 5 6 7 8 
6 7 8 2 1 9 3 4 5 
Time 0.002326

Game 49
5 2 3 7 6 8 1 9 4 
7 8 9 1 2 4 5 6 3 
1 4 6 3 5 9 7 8 2 
3 6 4 2 7 1 8 5 9 
8 5 1 4 9 6 2 3 7 
2 9 7 8 3 5 4 1 6 
4 3 5 6 8 7 9 2 1 
9 1 2 5 4 3 6 7 8 
6 7 8 9 1 2 3 4 5 
Time 0.005317

Game 50
7 5 3 4 2 6 1 8 9 
1 2 9 7 8 3 4 5 6 
6 4 8 1 5 9 7 2 3 
2 3 4 5 6 1 8 9 7 
8 9 1 2 3 7 5 6 4 
5 6 7 8 9 4 3 1 2 
3 8 5 6 7 2 9 4 1 
9 1 2 3 4 5 6 7 8 
4 7 6 9 1 8 2 3 5 
Time 0.004722

Game 51
4 7 3 1 2 6 5 9 8 
9 5 2 3 7 8 1 4 6 
1 8 6 5 9 4 7 2 3 
2 3 4 7 6 9 8 5 1 
8 9 1 2 3 5 4 6 7 
5 6 7 8 4 1 2 3 9 
7 4 5 6 8 3 9 1 2 
3 1 8 9 5 2 6 7 4 
6 2 9 4 1 7 3 8 5 
Time 0.004832

Game 52
6 2 3 5 4 7 8 9 1 
7 9 8 1 2 3 4 5 6 
4 5 1 8 6 9 7 2 3 
2 3 4 7 5 6 1 8 9 
1 6 9 2 8 4 3 7 5 
5 8 7 9 3 1 2 6 4 
3 4 5 6 7 8 9 1 2 
8 1 2 3 9 5 6 4 7 
9 7 6 4 1 2 5 3 8 
Time 0.004686

Game 53
2 8 3 7 5 6 1 4 9 
1 7 9 4 2 3 6 5 8 
4 5 6 1 8 9 7 2 3 
5 4 2 8 6 7 3 9 1 
8 9 1 2 3 4 5 6 7 
3 6 7 5 9 1 2 8 4 
9 3 4 6 7 2 8 1 5 
6 1 5 3 4 8 9 7 2 
7 2 8 9 1 5 4 3 6 
Time 0.004537

Game 54
8 2 6 3 4 5 1 7 9 
7 3 4 1 2 9 8 5 6 
1 5 9 7 8 6 4 2 3 
2 1 3 5 6 4 7 9 8 
4 9 8 2 3 7 5 6 1 
5 6 7 8 9 1 2 3 4 
3 4 5 6 7 8 9 1 2 
9 7 2 4 1 3 6 8 5 
6 8 1 9 5 2 3 4 7 
Time 0.005159

Game 55
1 6 3 7 5 4 2 8 9 
7 8 9 2 1 3 4 5 6 
2 5 4 6 8 9 1 7 3 
4 3 6 5 2 7 8 9 1 
8 9 1 4 3 6 5 2 7 
5 2 7 8 9 1 3 6 4 
3 4 5 9 7 8 6 1 2 
9 1 2 3 6 5 7 4 8 
6 7 8 1 4 2 9 3 5 
Time 0.0

Game 56
1 2 8 4 5 3 7 9 6 
6 3 7 1 2 9 4 5 8 
4 5 9 7 8 6 1 2 3 
2 4 3 5 6 7 9 8 1 
8 9 1 2 3 4 5 6 7 
7 6 5 8 9 1 2 3 4 
9 1 2 3 4 8 6 7 5 
5 8 4 6 7 2 3 1 9 
3 7 6 9 1 5 8 4 2 
Time 0.004834

Game 57
1 2 3 4 5 6 7 8 9 
8 9 7 1 2 3 4 5 6 
4 5 6 7 8 9 1 3 2 
2 3 4 5 6 7 8 9 1 
7 8 9 2 3 1 5 6 4 
5 6 1 8 9 4 3 2 7 
3 4 5 6 7 2 9 1 8 
9 1 2 3 4 8 6 7 5 
6 7 8 9 1 5 2 4 3 
Time 0.004532

Game 58
6 2 1 4 5 3 7 9 8 
7 5 3 1 8 9 4 2 6 
4 8 9 6 2 7 1 5 3 
1 3 4 5 6 8 9 7 2 
5 9 2 7 3 4 8 6 1 
8 6 7 2 9 1 5 3 4 
3 4 5 8 7 2 6 1 9 
9 1 6 3 4 5 2 8 7 
2 7 8 9 1 6 3 4 5 
Time 0.004804

Game 59
1 8 5 7 2 6 3 4 9 
7 2 9 1 4 3 6 5 8 
4 3 6 5 8 9 1 2 7 
2 6 3 4 9 5 8 7 1 
8 9 1 2 3 7 5 6 4 
5 4 7 8 6 1 2 9 3 
3 5 4 6 7 8 9 1 2 
9 1 2 3 5 4 7 8 6 
6 7 8 9 1 2 4 3 5 
Time 0.002204

Game 60
7 2 3 1 5 6 4 8 9 
1 8 9 4 2 3 7 5 6 
4 5 6 7 8 9 1 2 3 
2 3 4 5 6 7 8 9 1 
8 9 1 2 3 4 5 6 7 
5 6 7 8 9 1 2 3 4 
3 4 5 6 7 8 9 1 2 
6 1 2 9 4 5 3 7 8 
9 7 8 3 1 2 6 4 5 
Time 0.00463

Game 61
1 9 2 3 5 6 4 8 7 
7 8 4 1 2 9 3 6 5 
5 3 6 4 8 7 1 2 9 
3 7 1 8 6 5 2 9 4 
8 6 9 2 3 4 5 7 1 
2 4 5 7 9 1 8 3 6 
4 1 3 6 7 8 9 5 2 
9 2 7 5 1 3 6 4 8 
6 5 8 9 4 2 7 1 3 
Time 0.00217

Game 62
1 3 8 4 5 6 7 2 9 
9 5 7 2 8 3 4 1 6 
4 6 2 7 1 9 3 8 5 
2 4 3 5 6 7 1 9 8 
5 8 1 9 3 4 2 6 7 
7 9 6 8 2 1 5 3 4 
3 1 5 6 7 8 9 4 2 
8 7 9 3 4 2 6 5 1 
6 2 4 1 9 5 8 7 3 
Time 0.004768

Game 63
6 1 5 2 4 3 7 8 9 
3 2 9 8 1 7 4 5 6 
7 8 4 5 9 6 1 3 2 
4 3 2 1 6 5 8 9 7 
8 9 1 7 2 4 5 6 3 
5 6 7 3 8 9 2 1 4 
9 5 6 4 7 8 3 2 1 
1 4 3 6 5 2 9 7 8 
2 7 8 9 3 1 6 4 5 
Time 0.005056

Game 64
1 6 9 4 5 3 7 8 2 
5 3 7 9 2 8 4 1 6 
4 2 8 7 6 1 9 5 3 
6 5 4 8 3 7 2 9 1 
8 9 3 2 1 4 5 6 7 
2 7 1 5 9 6 8 3 4 
3 4 5 6 8 2 1 7 9 
9 1 2 3 7 5 6 4 8 
7 8 6 1 4 9 3 2 5 
Time 0.004872

Game 65
9 2 3 4 5 6 7 8 1 
7 8 6 1 2 3 4 5 9 
4 5 1 7 8 9 3 2 6 
2 3 4 5 6 7 1 9 8 
5 9 8 3 1 4 2 6 7 
1 6 7 8 9 2 5 3 4 
3 4 5 6 7 8 9 1 2 
8 1 9 2 4 5 6 7 3 
6 7 2 9 3 1 8 4 5 
Time 0.004897

Game 66
1 2 3 4 5 6 7 8 9 
7 8 9 1 2 3 4 5 6 
4 5 6 7 8 9 1 2 3 
8 3 1 2 6 7 5 9 4 
2 9 7 5 3 4 8 6 1 
5 6 4 8 9 1 2 3 7 
3 4 5 9 7 8 6 1 2 
9 1 2 6 4 5 3 7 8 
6 7 8 3 1 2 9 4 5 
Time 0.00461

Game 67
1 3 6 4 2 5 8 7 9 
5 8 9 1 7 3 4 6 2 
7 2 4 6 8 9 1 5 3 
4 5 8 2 9 7 6 3 1 
2 9 1 3 4 6 5 8 7 
3 6 7 8 5 1 2 9 4 
8 4 5 7 3 2 9 1 6 
9 1 3 5 6 4 7 2 8 
6 7 2 9 1 8 3 4 5 
Time 0.004638

Game 68
1 5 3 4 2 6 7 8 9 
7 2 9 1 8 3 5 4 6 
4 8 6 5 9 7 1 2 3 
2 3 4 7 6 9 8 1 5 
8 9 1 2 5 4 6 3 7 
5 6 7 8 3 1 2 9 4 
9 4 2 6 7 8 3 5 1 
6 1 8 3 4 5 9 7 2 
3 7 5 9 1 2 4 6 8 
Time 0.005069

Game 69
4 2 3 7 5 6 1 8 9 
7 8 9 1 2 3 4 5 6 
1 5 6 4 9 8 7 3 2 
2 3 4 5 6 1 8 9 7 
8 9 1 2 4 7 5 6 3 
5 6 7 8 3 9 2 4 1 
3 4 5 6 7 2 9 1 8 
9 1 2 3 8 5 6 7 4 
6 7 8 9 1 4 3 2 5 
Time 0.00195

Game 70
1 3 2 5 4 6 7 8 9 
4 8 7 1 3 9 2 5 6 
9 5 6 2 8 7 1 4 3 
5 2 1 4 6 3 8 9 7 
8 6 4 9 7 5 3 2 1 
7 9 3 8 2 1 5 6 4 
3 4 5 6 1 8 9 7 2 
2 1 9 7 5 4 6 3 8 
6 7 8 3 9 2 4 1 5 
Time 0.002447

Game 71
1 2 6 4 5 9 3 8 7 
7 8 5 3 1 2 6 4 9 
3 4 9 7 8 6 1 2 5 
2 1 3 5 6 7 8 9 4 
8 9 7 2 3 4 5 1 6 
5 6 4 8 9 1 2 7 3 
4 5 1 6 7 8 9 3 2 
9 3 2 1 4 5 7 6 8 
6 7 8 9 2 3 4 5 1 
Time 0.004686

Game 72
1 2 8 4 9 6 3 7 5 
7 3 9 1 5 8 4 2 6 
6 5 4 7 2 3 1 8 9 
2 6 3 5 4 7 8 9 1 
8 1 5 2 3 9 7 6 4 
4 9 7 8 6 1 2 5 3 
5 8 1 6 7 4 9 3 2 
9 7 2 3 1 5 6 4 8 
3 4 6 9 8 2 5 1 7 
Time 0.004564

Game 73
4 6 3 7 5 8 2 1 9 
7 2 9 1 6 3 4 5 8 
1 5 8 9 4 2 7 6 3 
2 3 4 5 8 7 1 9 6 
8 9 6 2 1 4 5 3 7 
5 1 7 3 9 6 8 4 2 
3 8 5 6 7 1 9 2 4 
9 4 2 8 3 5 6 7 1 
6 7 1 4 2 9 3 8 5 
Time 0.00107

Game 74
4 2 3 5 6 7 1 8 9 
7 8 9 1 2 3 4 5 6 
1 6 5 9 8 4 2 7 3 
2 3 4 7 5 6 8 9 1 
6 9 1 8 3 2 5 4 7 
8 5 7 4 9 1 6 3 2 
3 4 6 2 7 8 9 1 5 
5 1 2 3 4 9 7 6 8 
9 7 8 6 1 5 3 2 4 
Time 0.000994

Game 75
7 2 3 4 1 5 6 8 9 
6 5 1 9 7 8 2 4 3 
4 8 9 2 3 6 7 1 5 
1 3 4 7 6 2 5 9 8 
2 9 8 5 4 3 1 6 7 
5 6 7 8 9 1 3 2 4 
3 4 2 6 8 7 9 5 1 
9 1 6 3 5 4 8 7 2 
8 7 5 1 2 9 4 3 6 
Time 0.002665

Game 76
7 3 1 8 4 6 2 5 9 
8 2 9 1 5 3 4 7 6 
4 5 6 7 9 2 1 8 3 
2 9 4 5 8 7 6 3 1 
1 8 3 2 6 4 5 9 7 
5 6 7 3 1 9 8 2 4 
3 4 5 6 7 8 9 1 2 
9 1 2 4 3 5 7 6 8 
6 7 8 9 2 1 3 4 5 
Time 0.004645

Game 77
1 3 4 2 5 6 7 8 9 
8 2 9 1 7 3 4 5 6 
7 5 6 4 8 9 1 2 3 
2 8 3 5 6 7 9 1 4 
5 9 1 3 2 4 8 6 7 
4 6 7 8 9 1 2 3 5 
3 4 5 7 1 8 6 9 2 
9 1 2 6 4 5 3 7 8 
6 7 8 9 3 2 5 4 1 
Time 0.004495

Game 78
1 2 3 4 5 6 7 8 9 
7 9 8 1 2 3 4 5 6 
4 5 6 9 8 7 1 2 3 
2 3 4 7 6 5 8 9 1 
9 8 1 2 3 4 5 6 7 
5 6 7 8 9 1 2 3 4 
3 4 5 6 7 8 9 1 2 
8 1 2 3 4 9 6 7 5 
6 7 9 5 1 2 3 4 8 
Time 0.004657

Game 79
1 2 3 4 5 6 7 9 8 
7 9 8 1 2 3 4 5 6 
4 5 6 7 8 9 1 2 3 
2 3 9 5 6 4 8 7 1 
8 4 1 2 3 7 5 6 9 
5 6 7 8 9 1 2 3 4 
3 1 4 6 7 2 9 8 5 
9 8 2 3 1 5 6 4 7 
6 7 5 9 4 8 3 1 2 
Time 0.004658

Game 80
1 3 2 6 4 5 7 8 9 
7 8 9 1 2 3 4 5 6 
4 5 6 7 8 9 1 2 3 
2 4 3 5 6 7 8 9 1 
8 9 1 2 3 4 5 6 7 
5 6 7 8 9 1 2 3 4 
3 2 5 4 7 6 9 1 8 
9 1 4 3 5 8 6 7 2 
6 7 8 9 1 2 3 4 5 
Time 0.00461

Game 81
7 2 3 4 5 6 1 8 9 
1 8 9 7 2 3 4 5 6 
4 5 6 1 8 9 3 2 7 
2 3 4 5 6 7 8 9 1 
8 9 1 2 3 4 7 6 5 
5 6 7 8 9 1 2 3 4 
3 4 5 6 7 8 9 1 2 
9 1 2 3 4 5 6 7 8 
6 7 8 9 1 2 5 4 3 
Time 0.004527

Game 82
9 2 3 4 5 6 7 8 1 
7 8 6 1 9 3 4 5 2 
1 5 4 7 2 8 6 9 3 
2 3 8 5 6 9 1 7 4 
4 9 1 2 3 7 5 6 8 
5 6 7 8 1 4 2 3 9 
3 4 5 6 8 2 9 1 7 
8 1 2 9 7 5 3 4 6 
6 7 9 3 4 1 8 2 5 
Time 0.004705

Game 83
1 2 5 3 4 6 7 8 9 
3 7 8 1 2 9 4 5 6 
6 4 9 7 8 5 1 2 3 
2 3 4 5 6 7 8 9 1 
8 9 1 2 3 4 5 6 7 
5 6 7 8 9 1 2 3 4 
4 5 3 6 7 8 9 1 2 
9 1 2 4 5 3 6 7 8 
7 8 6 9 1 2 3 4 5 
Time 0.001901

Game 84
1 2 3 4 5 6 7 8 9 
7 8 9 1 2 3 4 5 6 
5 4 6 7 8 9 1 2 3 
3 5 4 8 9 7 2 6 1 
8 9 1 2 6 4 5 3 7 
2 6 7 5 3 1 8 9 4 
9 1 5 6 4 8 3 7 2 
4 3 2 9 7 5 6 1 8 
6 7 8 3 1 2 9 4 5 
Time 0.00466

Game 85
1 4 3 5 2 6 9 8 7 
8 7 9 1 3 4 2 5 6 
2 5 6 7 8 9 1 4 3 
4 3 8 2 6 7 5 9 1 
9 2 1 8 5 3 7 6 4 
5 6 7 4 9 1 8 3 2 
7 9 4 6 1 8 3 2 5 
3 1 2 9 4 5 6 7 8 
6 8 5 3 7 2 4 1 9 
Time 0.000962

Game 86
1 2 3 4 5 6 7 8 9 
7 8 9 2 3 1 4 5 6 
6 5 4 7 8 9 1 2 3 
2 4 7 5 6 3 8 9 1 
8 9 6 1 2 4 5 3 7 
5 3 1 8 9 7 2 6 4 
4 6 2 3 7 5 9 1 8 
9 1 5 6 4 8 3 7 2 
3 7 8 9 1 2 6 4 5 
Time 0.000959

Game 87
1 2 6 4 3 5 9 8 7 
7 3 8 1 2 9 4 5 6 
4 5 9 7 8 6 2 1 3 
5 4 1 8 6 3 7 2 9 
8 9 3 2 4 7 5 6 1 
2 6 7 5 9 1 8 3 4 
3 8 5 6 7 4 1 9 2 
9 1 4 3 5 2 6 7 8 
6 7 2 9 1 8 3 4 5 
Time 0.004661

Game 88
5 2 3 4 8 6 1 7 9 
4 7 9 1 2 3 6 5 8 
1 8 6 7 5 9 3 2 4 
3 9 4 5 6 7 2 8 1 
8 5 1 2 3 4 9 6 7 
2 6 7 8 9 1 4 3 5 
9 4 5 6 7 2 8 1 3 
7 1 2 3 4 8 5 9 6 
6 3 8 9 1 5 7 4 2 
Time 0.004941

Game 89
3 2 1 4 5 6 7 8 9 
7 9 8 1 2 3 4 5 6 
4 5 6 7 8 9 1 2 3 
2 3 9 5 7 4 8 6 1 
1 6 4 2 3 8 5 9 7 
5 8 7 6 9 1 2 3 4 
8 4 5 9 6 7 3 1 2 
9 1 2 3 4 5 6 7 8 
6 7 3 8 1 2 9 4 5 
Time 0.004619

Game 90
7 2 9 4 5 3 1 8 6 
1 8 3 7 2 6 4 5 9 
4 5 6 1 8 9 7 2 3 
2 3 4 5 6 7 8 9 1 
8 9 1 2 3 4 5 6 7 
5 6 7 8 9 1 2 3 4 
3 1 5 6 4 8 9 7 2 
9 7 2 3 1 5 6 4 8 
6 4 8 9 7 2 3 1 5 
Time 0.004461

Game 91
7 1 3 4 5 9 2 8 6 
8 9 6 1 2 3 7 5 4 
4 5 2 7 8 6 1 9 3 
2 3 4 5 6 7 8 1 9 
9 8 1 2 3 4 5 6 7 
5 6 7 8 9 1 4 3 2 
3 4 8 6 7 5 9 2 1 
1 2 9 3 4 8 6 7 5 
6 7 5 9 1 2 3 4 8 
Time 0.004678

Game 92
7 2 3 4 1 6 5 8 9 
1 5 9 2 8 3 4 7 6 
4 8 6 5 9 7 1 2 3 
2 1 4 3 6 5 8 9 7 
8 9 7 1 2 4 3 6 5 
6 3 5 8 7 9 2 1 4 
3 6 2 7 4 8 9 5 1 
9 4 8 6 5 1 7 3 2 
5 7 1 9 3 2 6 4 8 
Time 0.004714

Game 93
7 5 2 4 6 8 1 3 9 
1 8 3 2 7 9 4 5 6 
4 9 6 1 3 5 7 2 8 
8 6 4 5 2 7 3 9 1 
5 1 9 8 4 3 2 6 7 
2 3 7 6 9 1 5 8 4 
3 4 5 7 8 6 9 1 2 
9 2 8 3 1 4 6 7 5 
6 7 1 9 5 2 8 4 3 
Time 0.005226

Game 94
4 2 3 1 9 6 7 8 5 
1 8 5 3 2 7 4 6 9 
9 7 6 8 5 4 1 2 3 
2 4 7 5 6 3 8 9 1 
8 6 1 2 4 9 3 5 7 
3 5 9 7 8 1 2 4 6 
5 1 2 6 7 8 9 3 4 
7 9 8 4 3 5 6 1 2 
6 3 4 9 1 2 5 7 8 
Time 0.002266

Game 95
1 2 3 4 5 6 7 8 9 
8 7 9 1 2 3 4 5 6 
4 6 5 7 8 9 1 2 3 
2 3 4 5 6 7 8 9 1 
6 1 8 2 9 4 5 3 7 
5 9 7 3 1 8 2 6 4 
9 8 1 6 4 2 3 7 5 
3 4 2 9 7 5 6 1 8 
7 5 6 8 3 1 9 4 2 
Time 0.004855

Game 96
8 7 3 6 4 5 1 2 9 
4 6 2 1 3 9 7 5 8 
1 5 9 7 2 8 4 3 6 
7 2 4 8 6 1 5 9 3 
9 3 1 2 5 4 6 8 7 
5 8 6 3 9 7 2 1 4 
2 4 7 5 8 3 9 6 1 
3 1 5 9 7 6 8 4 2 
6 9 8 4 1 2 3 7 5 
Time 0.005626

Game 97
4 2 3 1 5 6 7 8 9 
6 8 9 7 2 3 4 5 1 
1 5 7 4 8 9 6 2 3 
2 3 4 5 6 7 1 9 8 
8 9 1 2 3 4 5 6 7 
5 7 6 8 9 1 2 3 4 
3 4 5 6 7 8 9 1 2 
9 1 2 3 4 5 8 7 6 
7 6 8 9 1 2 3 4 5 
Time 0.00504

Game 98
3 1 6 5 8 4 2 9 7 
7 8 9 1 2 6 4 3 5 
4 5 2 3 9 7 1 8 6 
1 6 4 7 5 9 8 2 3 
8 9 5 2 4 3 7 6 1 
2 3 7 8 6 1 5 4 9 
5 4 3 6 7 8 9 1 2 
9 2 1 4 3 5 6 7 8 
6 7 8 9 1 2 3 5 4 
Time 0.0

Game 99
1 2 3 5 6 4 7 8 9 
7 8 6 1 2 9 4 3 5 
5 9 4 7 8 3 1 2 6 
2 3 1 4 5 6 8 9 7 
8 6 9 2 3 7 5 1 4 
4 5 7 8 9 1 2 6 3 
3 4 2 6 7 8 9 5 1 
9 7 8 3 1 5 6 4 2 
6 1 5 9 4 2 3 7 8 
Time 0.00507

Game 100
3 5 1 4 2 6 7 8 9 
7 2 9 1 8 3 4 5 6 
4 8 6 7 5 9 1 2 3 
8 3 4 5 6 7 2 9 1 
1 9 5 2 3 4 8 6 7 
2 6 7 8 9 1 5 3 4 
5 4 3 6 7 2 9 1 8 
9 1 8 3 4 5 6 7 2 
6 7 2 9 1 8 3 4 5 
Time 0.004555

Times: [0.004921, 0.004593, 0.005096, 0.004327, 0.004751, 0.004755, 0.004912, 0.002027, 0.002631, 0.004585, 0.004875, 0.005086, 0.007647, 0.005035, 0.00226, 0.004635, 0.005022, 0.005054, 0.004701, 0.005158, 0.004999, 0.002058, 0.001016, 0.00095, 0.005171, 0.005282, 0.001035, 0.004624, 0.005123, 0.001864, 0.002118, 0.004678, 0.004718, 0.00478, 0.004536, 0.001951, 0.004674, 0.0, 0.001757, 0.004593, 0.004856, 0.004793, 0.004752, 0.004524, 0.004407, 0.004929, 0.00505, 0.002326, 0.005317, 0.004722, 0.004832, 0.004686, 0.004537, 0.005159, 0.0, 0.004834, 0.004532, 0.004804, 0.002204, 0.00463, 0.00217, 0.004768, 0.005056, 0.004872, 0.004897, 0.00461, 0.004638, 0.005069, 0.00195, 0.002447, 0.004686, 0.004564, 0.00107, 0.000994, 0.002665, 0.004645, 0.004495, 0.004657, 0.004658, 0.00461, 0.004527, 0.004705, 0.001901, 0.00466, 0.000962, 0.000959, 0.004661, 0.004941, 0.004619, 0.004461, 0.004678, 0.004714, 0.005226, 0.002266, 0.004855, 0.005626, 0.00504, 0.0, 0.00507, 0.004555]

Mean CPU Time: 0.00399839
Standard Deviation CPU Time: 0.0015269931230620483
Variance CPU Time: 2.331707997878788e-06
Min CPU Time: 0.0, Game 37
Max CPU Time: 0.007647, Game 12
