Grid 0
000000009
000000050
000009000
204000800
000200000
007000030
040078002
000340070
000002005
Grid 1
000406700
709000400
006000020
034007001
000200060
567091034
340000010
902000078
078000000
Grid 2
020006000
089000000
450080020
030000000
000030000
500091200
305070000
010040000
670000000
Grid 3
023050709
780100006
000080020
000000800
800030000
060800004
000070900
912300008
000000000
Grid 4
020456080
000000000
000009023
004560091
801000500
000000000
300000002
900000008
070010000
Grid 5
000450709
009000000
000700000
030007000
090030060
007800004
040008002
010040070
670000000
Grid 6
103056000
700020000
000780123
000560000
091000060
000000030
000000910
000305000
070902300
Grid 7
000400789
080100006
400000000
000067890
890204000
007890000
040000900
912300078
070000300
Grid 8
100450000
700003406
450000103
200000000
001030500
007000000
000000000
002005000
078000040
Grid 9
100000000
009000056
006080020
200007800
000004500
007000004
005008910
000005000
000902000
Grid 10
000050000
709000000
000700000
030000000
000200000
560800000
005670002
000005000
078000005
Grid 11
100000000
009000000
000000120
000507001
000030000
507800000
300600002
002005670
000000300
Grid 12
020450700
089000050
000000100
000000000
000234000
067800030
300600000
000000008
600910000
Grid 13
020056009
780000400
406080020
000000090
800234000
060001204
300000000
000305600
000902300
Grid 14
003006709
080023000
006000023
000007801
890030000
000001000
045008002
900345078
000000005
Grid 15
000400780
000120000
400700103
204060891
091030000
000000000
300000912
010000008
008902000
Grid 16
100456000
080100050
000709103
230000000
800000000
007000230
300078902
912000000
670000300
Grid 17
100000089
000100000
050000023
234007000
001030000
000090230
040000000
000300608
070000340
Grid 18
123456080
000000400
000700100
000000001
000230500
000890204
000000900
900040008
600000040
Grid 19
020056089
080000050
056080100
234060001
891204560
000091200
000678900
002040000
600900000
Grid 20
100006000
080123006
050080000
000000090
890200067
007000200
045078902
000000000
000000000
Grid 21
000400000
000100400
400009000
034000800
090004060
007001200
000608900
000000070
600010000
Grid 22
020450700
700020400
050000020
200007001
000030060
000000004
000070000
900305070
608000000
Grid 23
023000009
709003000
000080000
030067000
800000000
000800004
000000910
912340670
078012000
Grid 24
000006009
000100400
050000003
200507090
000000507
000001030
300608002
000000000
000902005
Grid 25
020450780
709003000
400009000
200007000
090000500
000090004
040070002
010005070
008900000
Grid 26
003000700
000000000
006080120
000560000
090004507
560800004
300670002
002300008
078000005
Grid 27
020406080
000100406
000000000
000060000
801004000
500090000
040070002
000000000
008900045
Grid 28
000050000
080020056
050780000
004067000
000000507
000000204
040070000
010340008
000000000
Grid 29
120000009
000020006
400000000
230000890
800200000
060090230
045670002
000300008
008900305
Grid 30
103000780
009003000
000000123
200000001
091000560
507000004
345000010
912005000
000010040
Grid 31
020006000
000023000
000700103
000500800
000204000
000090200
000670002
902000608
008012000
Grid 32
000000080
000100000
050080003
204067000
000200000
000890030
005000000
000000000
600900040
Grid 33
023000000
009120006
400080000
234507800
090030067
060000030
000000010
000340670
600900340
Grid 34
100000000
000000000
400009020
030000890
090000000
000800000
005070002
000005000
678002000
Grid 35
000000700
080000000
050700020
000500001
000004500
060090000
000000002
900000000
600900000
Grid 36
100056709
009020006
000089103
030060000
090000007
060000200
000678000
910005000
608002005
Grid 37
100000000
700100000
006080003
000000001
001200000
000000000
300008000
012000008
070900000
Grid 38
000050080
000003000
000000123
034000000
000204560
500000000
005600902
000000000
000002000
Grid 39
003050080
000100006
400000020
230067000
000230000
000001004
300000900
000045070
070010340
Grid 40
103050000
700100000
406000100
000507800
800000060
000000000
005000010
000345000
000000000
Grid 41
020400009
009003400
056789023
000060000
001034000
067000000
300000002
902000008
600002040
Grid 42
000400080
700100050
006000000
000067801
000030000
000000200
305070000
910000000
000000345
Grid 43
020050780
009020456
000080000
200000000
891230560
500091000
005000000
000000000
600002340
Grid 44
023450000
080120400
000080000
030007000
000200000
067801000
045008000
910000000
070000300
Grid 45
020006009
700023006
000080103
030507000
000000000
500000004
300670010
000300600
008000045
Grid 46
000400000
700003000
006000003
234060891
001000560
007891204
040000900
000345000
000900040
Grid 47
003056000
000023400
000080000
004000000
800030000
060000230
045000900
010005600
000000040
Grid 48
000000080
009000000
050709000
204567800
000200500
060891000
300070002
002005000
600900000
Grid 49
020000080
700000400
000000003
234000000
000034000
000800000
300078000
910000000
000000000
